    1          5.4640          5.3756          0.0000          3.9096
    2          4.8405          4.8527          0.0000          4.8382
    3          4.3768          4.3858          0.0000          4.7736
    4          4.2782          4.2958          0.0000          4.8275
    5          4.1987          4.2222          0.0000          4.9244
    6          4.1046          4.1394          0.0000          5.0707
    7          4.0082          4.0313          0.0000          5.2196
    8          3.8876          3.9184          0.0000          5.3534
    9          3.7752          3.7905          0.0000          5.4553
   10          3.6607          3.6613          0.0000          5.5235
   11          3.5471          3.5644          0.0000          5.5612
   12          3.5078          3.5058          0.0000          5.5749
   13          3.4370          3.4443          0.0000          5.5671
   14          3.3856          3.3978          0.0000          5.5375
   15          3.3863          3.3851          0.0000          5.4918
   16          3.3997          3.3730          0.0000          5.4305
   17          3.4423          3.4235          0.0000          5.3575
   18          3.5197          3.4983          0.0000          5.2722
   19          3.5736          3.5736          0.0000          5.1735
   20          3.6027          3.5844          0.0000          5.0628
   21          3.6394          3.6152          0.0000          4.9391
   22          3.6241          3.6301          0.0000          4.8022
   23          3.5603          3.5286          0.0000          4.6559
   24          3.6670          3.6766          0.0000          4.5044
   25          3.6663          3.6367          0.0000          4.3498
