                    HEIGHT SENSOR ERRORS
  level synop   ship   buoy  metar  pilot  profl  sound  satem  satob  airep  ssmt1  ssmt2   tovs   ssmi  airsret
  other 
   10.    6.0    6.0    6.0    6.0   50.0   50.0   59.3   45.0   85.4   50.0  109.0  109.0  109.0  109.0   45.0
   45.0
   20.    6.0    6.0    6.0    6.0   38.1   38.1   59.3   45.0   89.6   38.1   66.6   66.6   66.6   66.6   45.0
   45.0
   30.    6.0    6.0    6.0    6.0   31.2   31.2   59.3   45.0   79.5   31.2   63.3   63.3   63.3   63.3   45.0
   45.0
   50.    6.0    6.0    6.0    6.0   29.8   29.8   59.3   45.0   67.8   29.8   46.4   46.4   46.4   46.4   45.0
   45.0
   70.    6.0    6.0    6.0    6.0   25.2   25.2   50.3   45.0   67.7   25.2   51.0   51.0   51.0   51.0   45.0
   45.0
  100.    6.0    6.0    6.0    6.0   21.4   21.4   39.4   45.0   64.6   21.4   56.6   56.6   56.6   56.6   45.0
   45.0
  150.    6.0    6.0    6.0    6.0   18.2   18.2   32.4   44.7   58.8   18.2   61.5   61.5   61.5   61.5   51.9
   51.9
  200.    6.0    6.0    6.0    6.0   15.2   15.2   27.7   44.5   54.2   15.2   66.3   66.3   66.3   66.3   58.7
   58.7
  250.    6.0    6.0    6.0    6.0   14.2   14.2   25.4   36.5   50.5   14.2   67.4   67.4   67.4   67.4   53.8
   53.8
  300.    6.0    6.0    6.0    6.0   13.8   13.8   18.8   27.5   45.3   13.8   58.5   58.5   58.5   58.5   49.0
   49.0
  400.    6.0    6.0    6.0    6.0   11.6   11.6   14.9   25.0   40.0   11.6   51.7   51.7   51.7   51.7   39.5
   39.5
  500.    6.0    6.0    6.0    6.0    9.4    9.4   12.1   25.0   36.2    9.4   44.6   44.6   44.6   44.6   32.5
   32.5
  700.    6.0    6.0    6.0    6.0    6.0    6.0    8.6   20.0   33.1    6.0   39.5   39.5   39.5   39.5   30.4
   30.4
  850.    6.0    6.0    6.0    6.0    5.4    5.4    8.0   12.5   28.9    5.4   33.1   33.1   33.1   33.1   22.6
   22.6
 1000.    6.0    6.0    6.0    6.0    5.0    5.0    7.0   10.0   20.0    5.0   20.0   20.0   20.0   20.0   14.8
   14.8
