                    PRESSURE SENSOR ERRORS
  level synop   ship   buoy  metar  pilot  profl  sound  satem  satob  airep  ssmt1  ssmt2   tovs   ssmi airsret
  other 
   10.    1.0    1.6    0.1    1.0    2.0    2.0    1.0    2.0    2.0    2.0    2.0    2.0    2.0    2.0    2.0
    2.0
   20.    1.0    1.6    0.1    1.0    2.0    2.0    1.0    2.0    2.0    2.0    2.0    2.0    2.0    2.0    2.0
    2.0
   30.    1.0    1.6    0.1    1.0    2.0    2.0    1.0    2.0    2.0    2.0    2.0    2.0    2.0    2.0    2.0
    2.0
   50.    1.0    1.6    0.1    1.0    2.0    2.0    1.0    2.0    2.0    2.0    2.0    2.0    2.0    2.0    2.0
    2.0
   70.    1.0    1.6    0.2    1.0    2.0    2.0    1.0    2.0    2.0    2.0    2.0    2.0    2.0    2.0    2.0
    2.0
  100.    1.0    1.6    0.2    1.0    2.0    2.0    1.0    2.0    2.0    2.0    2.0    2.0    2.0    2.0    2.0
    2.0
  150.    1.0    1.6    0.2    1.0    2.0    2.0    1.0    2.0    2.0    2.0    2.0    2.0    2.0    2.0    2.0
    2.0
  200.    1.0    1.6    0.3    1.0    2.0    2.0    1.0    2.0    2.0    2.0    2.0    2.0    2.0    2.0    2.0
    2.0
  250.    1.0    1.6    0.3    1.0    2.0    2.0    1.0    2.0    2.0    2.0    2.0    2.0    2.0    2.0    2.0
    2.0
  300.    1.0    1.6    0.4    1.0    2.0    2.0    1.0    2.0    2.0    2.0    2.0    2.0    2.0    2.0    2.0
    2.0
  400.    1.0    1.6    0.5    1.0    2.0    2.0    1.0    2.0    2.0    2.0    2.0    2.0    2.0    2.0    2.0
    2.0
  500.    1.0    1.6    0.5    1.0    2.0    2.0    1.0    2.0    2.0    2.0    2.0    2.0    2.0    2.0    2.0
    2.0
  700.    1.0    1.6    0.7    1.0    2.0    2.0    1.0    2.0    2.0    2.0    2.0    2.0    2.0    2.0    2.0
    2.0
  850.    1.0    1.6    0.9    1.0    2.0    2.0    1.0    2.0    2.0    2.0    2.0    2.0    2.0    2.0    2.0
    2.0
 1000.    1.0    1.6    1.0    1.0    2.0    2.0    1.0    2.0    2.0    2.0    2.0    2.0    2.0    2.0    2.0
    2.0
