                    TEMP SENSOR ERRORS
  level synop   ship   buoy  metar  pilot  profl  sound  satem  satob  airep  ssmt1  ssmt2   tovs   ssmi  airsret
  other 
   10.    2.0    2.0    2.0    2.0    1.0    1.0    1.0    1.6    1.6    1.0    1.8    1.8    1.8    1.8    1.0
    1.6
   20.    2.0    2.0    2.0    2.0    1.0    1.0    1.0    1.9    1.9    1.0    1.6    1.6    1.6    1.6    1.0
    1.9
   30.    2.0    2.0    2.0    2.0    1.0    1.0    1.0    1.8    1.8    1.0    1.9    1.9    1.9    1.9    1.0
    1.8
   50.    2.0    2.0    2.0    2.0    1.0    1.0    1.0    1.6    1.6    1.0    1.7    1.7    1.7    1.7    1.0
    1.6
   70.    2.0    2.0    2.0    2.0    1.0    1.0    1.0    1.8    1.8    1.0    1.6    1.6    1.6    1.6    1.0
    1.8
  100.    2.0    2.0    2.0    2.0    1.0    1.0    1.0    1.6    1.6    1.0    2.4    2.4    2.4    2.4    1.0
    1.6
  150.    2.0    2.0    2.0    2.0    1.0    1.0    1.0    1.9    1.9    1.0    2.7    2.7    2.7    2.7    1.0
    1.6
  200.    2.0    2.0    2.0    2.0    1.0    1.0    1.0    2.2    2.2    1.0    3.0    3.0    3.0    3.0    1.0
    2.1
  250.    2.0    2.0    2.0    2.0    1.0    1.0    1.0    2.2    2.2    1.0    3.1    3.1    3.1    3.1    1.0
    2.2
  300.    2.0    2.0    2.0    2.0    1.0    1.0    1.0    2.4    2.4    1.0    3.0    3.0    3.0    3.0    1.0
    2.5
  400.    2.0    2.0    2.0    2.0    1.0    1.0    1.0    2.3    2.3    1.0    3.1    3.1    3.1    3.1    1.0
    2.4
  500.    2.0    2.0    2.0    2.0    1.0    1.0    1.0    2.6    2.6    1.0    3.2    3.2    3.2    3.2    1.0
    2.6
  700.    2.0    2.0    2.0    2.0    1.0    1.0    1.0    2.7    2.7    1.0    3.6    3.6    3.6    3.6    1.0
    2.9
  850.    2.0    2.0    2.0    2.0    1.0    1.0    1.0    3.5    3.5    1.0    3.9    3.9    3.9    3.9    1.0
    3.7
 1000.    2.0    2.0    2.0    2.0    1.0    1.0    1.0    3.7    3.7    1.0    3.8    3.8    3.8    3.8    1.0
    3.8
