               sound       1
       9
       1       199001    30.70   111.30    92500.0000000       -1.7320508        0.1101006       0        1.1000000       -0.3085938       -1.0000000       -1.1294698       0        1.1000000        0.1209679      288.9500000       -0.4306021       0        1.0000000       -0.1294053        0.0107289       -0.0007199       0        0.0022590       -0.0005793
       1       299001    30.70   111.30    85000.0000000        1.0000002        0.8017467       0        1.1000000        0.3742172       -1.7320507       -1.5051563       0        1.1000000       -0.6943868      285.7500000       -0.9773487       0        1.0000000       -0.6335828        0.0095825       -0.0004682       0        0.0017323       -0.0003479
       1       399001    30.70   111.30    70000.0000000       19.7335445        0.0000000      -3        1.4000000        0.0000000        7.1824245        2.5024741       0        1.4000000        1.3302982      282.3500000        0.2710413       0        1.0000000        0.2352145        0.0094471        0.0006426       0        0.0017052        0.0005054
       1       499001    30.70   111.30    50000.0000000       29.0000000        0.0000000      -3        2.3000000        0.0000000        0.0000023       -0.6564659       0        2.3000000       -1.3935924      267.0500000        0.7445582       0        1.0000000        0.5129285        0.0013285       -0.0006182       0        0.0005894       -0.0003843
       1       599001    30.70   111.30    40000.0000000       40.3771173        0.0000000      -3        2.8000000        0.0000000        7.1195784        2.2315508       0        2.8000000        0.9773132      256.6500000        1.3559570       0        1.0000000        1.0868120        0.0001789       -0.0003755       0        0.0002793       -0.0002206
       1       699001    30.70   111.30    30000.0000000       63.7511032        0.0000000      -3        3.3000000        0.0000000       17.0820618        5.4867726       0        3.3000000        0.9899814      240.2500000       -1.1831292       0        1.0000000       -0.9018039        0.0001156       -0.0000724       0        0.0000915       -0.0000407
       1       799001    30.70   111.30    25000.0000000       81.1377678        0.0000000      -3        3.3000000        0.0000000       21.7408059        9.6217063       0        3.3000000        3.1369334      232.2500000       -2.0748667       0        1.0000000       -1.6239435        0.0000118       -0.0000320       0        0.0000442       -0.0000147
       1       899001    30.70   111.30    20600.0000000       87.8992484        0.0000000      -3        3.3000000        0.0000000       23.5525398       12.2530974       0        3.3000000        6.3583297      225.3500000        0.2307865       0        1.0000000        0.2507989        0.0000068       -0.0000123       0        0.0000254       -0.0000086
       1       999001    30.70   111.30    20000.0000000       85.9673968        0.0000000      -3        3.3000000        0.0000000       23.0349015       11.8628233       0        3.3000000        6.2905648      224.2500000        0.4866658       0        1.0000000        0.4548862        0.0000062       -0.0000109       0        0.0000231       -0.0000080
           sonde_sfc       1
       1
       1       199001    30.70   111.30    99300.0000000  -888888.0000000        0.0000000     -88  -888888.0000000        0.0000000  -888888.0000000        0.0000000     -88  -888888.0000000        0.0000000      293.1500000        0.0000000     -88        1.0000000        0.0000000    99300.0000000        0.0000000     -88      100.0000000        0.0000000        0.0123536        0.0000000     -88        0.0030117        0.0000000
