                    WRF-Var data utilization statistics for outer iteration   1

                   ptop  1000.0  900.0  800.0  600.0  400.0  300.0  250.0  200.0  150.0  100.0   50.0    0.0
 obs type var      pbot  1200.0  999.9  899.9  799.0  599.9  399.9  299.9  249.9  199.9  149.9   99.9 2000.0
--------------------------------------------------------------------------------------------------------------
 sound     U    used         0      1      1      0      0      0      0      0      0      0      0      2
                rej          0      0      0      1      2      1      1      2      0      0      0      7
 sound     V    used         0      1      1      1      2      1      1      2      0      0      0      9
                rej          0      0      0      0      0      0      0      0      0      0      0      0
 sound     T    used         0      1      1      1      2      1      1      2      0      0      0      9
                rej          0      0      0      0      0      0      0      0      0      0      0      0
 sound     Q    used         0      1      1      1      2      1      1      2      0      0      0      9
                rej          0      0      0      0      0      0      0      0      0      0      0      0
--------------------------------------------------------------------------------------------------------------
