
 Diagnostics of OI for sound

   var             u (m/s)     n    k    v (m/s)     n    k    t (K)       n    k    q (kg/kg)   n    k

  Number:                2                     9                     9                     9
 Minimum(n,k):       0.1101    1    1     -1.5052    1    2     -2.0749    1    7 -0.7199E-03    1    1
 Maximum(n,k):       0.8017    1    2     12.2531    1    8      1.3560    1    5  0.6426E-03    1    3
 Average     :       0.4559                4.5186               -0.1752           -0.1852E-03
    RMSE     :       0.5722                6.9022                1.0329            0.4321E-03

 Diagnostics of AO for sound

   var             u (m/s)     n    k    v (m/s)     n    k    t (K)       n    k    q (kg/kg)   n    k

  Number:                2                     9                     9                     9
 Minimum(n,k):      -0.3086    1    1     -1.3936    1    4     -1.6239    1    7 -0.5793E-03    1    1
 Maximum(n,k):       0.3742    1    2      6.3583    1    8      1.0868    1    5  0.5054E-03    1    3
 Average     :       0.0328                1.9018               -0.0831           -0.1221E-03
    RMSE     :       0.3430                3.2657                0.7915            0.3181E-03

 Minimum of gridded analysis increments

 Lvl         u     i    j          v     i    j          t     i    j          p     i    j          q     i    j          

   1     -0.2743   20   39     -1.2044   32   47     -0.2589   22   50     -7.8482   45   51 -0.9802E-04   31   50
   2     -0.2758   20   39     -1.3530   32   47     -0.2736   23   50     -7.7805   45   51 -0.1137E-03   30   51
   3     -0.3005   48   53     -1.4614   32   47     -0.3006   25   50     -7.6887   45   51 -0.1368E-03   31   51
   4     -0.3158   48   53     -1.4785   32   48     -0.3397   26   51     -7.5731   45   51 -0.1472E-03   31   51
   5     -0.3191   48   53     -1.4392   32   48     -0.3839   27   51     -7.4296   45   51 -0.1538E-03   31   51
   6     -0.3109   49   53     -1.3379   32   48     -0.4252   27   51     -7.2503   45   51 -0.1537E-03   31   50
   7     -0.2877   49   53     -1.1472   33   48     -0.4388   27   51     -7.0352   45   51 -0.1421E-03   31   50
   8     -0.2456   54   41     -0.8041   34   48     -0.3979   25   50     -6.7319   45   51 -0.1126E-03   31   50
   9     -0.2438   48   35     -0.3690   40   49     -0.2981   22   50     -6.3568   45   51 -0.4099E-04   30   51
  10     -0.2393   47   35     -0.2852   48   49     -0.2087   19   50     -5.9828   45   51 -0.1720E-09   30   25
  11     -0.3926   17   53     -0.4169   10   47     -0.1408   18   50     -5.6099   45   51 -0.3353E-09   30   26
  12     -0.5375   18   53     -0.5316   10   47     -0.0813   15   50     -5.0974   45   51 -0.2200E-09   30   26
  13     -0.4505   18   53     -0.4908   10   47     -0.0447    9   50     -4.4727   45   51 -0.9025E-04   31   51
  14     -0.4742   41   38     -0.5130   50   48     -0.0362    6   49     -3.9017   45   51 -0.2491E-03   31   50
  15     -0.7218   38   38     -0.6997   48   48     -0.0510    8   47     -3.3809   45   51 -0.2556E-03   31   50
  16     -1.1171   36   38     -1.0988   48   48     -0.1046   10   46     -2.9072   45   51 -0.2292E-03   31   50
  17     -1.6044   37   37     -1.6892   50   47     -0.1962   13   47     -2.4774   45   51 -0.9215E-04   31   50
  18     -1.8980   40   35     -2.3081   52   47     -0.2746   14   47     -2.0879   45   51 -0.3618E-04   31   50
  19     -1.8729   43   33     -2.6169   54   46     -0.3531   29   50     -1.7354   45   51 -0.3520E-04   31   50
  20     -2.6295   13   53     -2.3825    1   42     -0.5106   31   50     -1.4167   45   51 -0.2091E-04   31   50
  21     -2.9454   14   53     -2.4132    1   42     -0.2874   40   49     -1.1293   45   51 -0.6868E-05   31   50
  22     -2.2842   14   53     -1.8269    1   41     -0.2721   44   47     -0.8705   45   51 -0.2432E-05   31   50
  23     -1.0090   12   53     -0.8476    1   41     -0.1963   46   47     -0.6380   45   51 -0.7537E-07   31   50
  24     -0.2146   14   53     -0.1894    1   42     -0.1223   46   47     -0.4298   45   51 -0.1859E-09   31   50
  25     -0.0475   26   54     -0.0542    6   44     -0.0756   46   47     -0.2438   45   51 -0.5679E-18    3   51
  26     -0.0356   27   54     -0.0384    8   44     -0.0517   46   42     -0.0780   45   51 -0.1736E-20    3   52
 ALL     -2.9454               -2.6169               -0.5106               -7.8482           -0.2556E-03

 Maximum of gridded analysis increments

 Lvl         u     i    j          v     i    j          t     i    j          p     i    j          q     i    j          

   1      0.5400   23   53      0.4923   12   52      0.1332   44   48     29.6484   22   49  0.2053E-09   30   26
   2      0.6199   23   53      0.5396   12   52      0.1363   44   48     29.4000   22   49  0.2476E-09   30   26
   3      0.6865   23   53      0.5596   12   52      0.1415   44   48     29.0673   22   49  0.2765E-09   30   26
   4      0.7090   23   53      0.5295   12   52      0.1492   44   48     28.6513   22   49  0.2965E-09   30   26
   5      0.7097   23   53      0.4810   12   52      0.1597   44   48     28.1374   22   49  0.3163E-09   30   26
   6      0.6842   23   53      0.4070   11   52      0.1731   44   48     27.4954   22   49  0.3086E-09   30   26
   7      0.6360   23   53      0.3087   11   52      0.1861   44   48     26.7215   22   49  0.2963E-09   30   25
   8      0.5101   24   52      0.2564   31   24      0.1948   44   49     25.6118   22   49  0.2279E-09   30   25
   9      0.4319   28   48      0.1948   31   24      0.1846   44   49     24.2043   22   49  0.6400E-10   30   24
  10      0.4431   30   46      0.4566   29   50      0.1632   43   50     22.7442   22   49  0.7603E-04   31   51
  11      0.4563   38   52      1.1056   30   49      0.1441   42   50     21.2326   22   49  0.1603E-03   31   51
  12      0.5083   40   53      1.4661   30   49      0.1336   41   51     19.1527   22   49  0.9277E-04   31   51
  13      0.4680   41   53      1.3209   30   49      0.1484   39   51     16.7275   22   49  0.1638E-09   30   26
  14      0.4401   40   54      0.8951   29   48      0.2173   33   50     14.6707   22   49  0.4988E-09   30   26
  15      0.6170   37   54      0.7517   26   49      0.2792   33   50     12.8540   22   49  0.4802E-09   31   26
  16      1.0594   36   54      1.2663   24   48      0.3473   33   50     11.1713   22   49  0.4714E-09   30   26
  17      1.6648   39   54      2.3106   25   48      0.2884   42   48      9.5887   22   50  0.2014E-09   30   27
  18      2.1601   41   53      3.7180   27   47      0.2241   47   47      8.1094   23   50  0.9571E-10   30   27
  19      2.4903   43   53      5.4059   28   47      0.1097   53   43      6.7533   23   50  0.1010E-09   30   27
  20      2.5910   45   53      6.8416   29   47      0.0223   54   30      5.5234   23   50  0.6209E-10   30   28
  21      2.4664   46   53      7.1755   30   47      0.1228   13   47      4.4077   23   50  0.2117E-10   30   26
  22      1.7887   47   53      5.5173   30   48      0.2520   14   47      3.3996   23   50  0.7449E-11   30   24
  23      0.7785   45   53      2.3692   31   48      0.2250   14   47      2.4925   23   50  0.1194E-12   30   23
  24      0.1291   47   53      0.4590   31   48      0.1425   14   45      1.6791   23   50  0.3008E-15    2   50
  25      0.0481   24   27      0.0463   46   48      0.0831   13   44      0.9522   23   50  0.2866E-12   31   50
  26      0.0387   31   26      0.0390   50   47      0.0466   12   37      0.3048   23   50  0.6225E-15   30   51
 ALL      2.5910                7.1755                0.3473               29.6484            0.1603E-03

 Mean of gridded analysis increments

 Lvl        u           v           t           p           q

   1     -0.0254     -0.0201     -0.0167      2.8624 -0.2788E-05
   2     -0.0253     -0.0213     -0.0182      2.8387 -0.3433E-05
   3     -0.0238     -0.0215     -0.0204      2.8073 -0.3972E-05
   4     -0.0196     -0.0182     -0.0229      2.7682 -0.4343E-05
   5     -0.0159     -0.0147     -0.0256      2.7201 -0.4629E-05
   6     -0.0104     -0.0093     -0.0282      2.6606 -0.4778E-05
   7     -0.0027     -0.0029     -0.0290      2.5890 -0.4585E-05
   8      0.0067      0.0017     -0.0260      2.4857 -0.3619E-05
   9      0.0160      0.0049     -0.0172      2.3514 -0.1279E-05
  10      0.0237      0.0074     -0.0080      2.2053  0.2139E-05
  11      0.0289      0.0122     -0.0012      2.0479  0.4376E-05
  12      0.0273      0.0182      0.0056      1.8318  0.2590E-05
  13      0.0130      0.0231      0.0156      1.5902 -0.2553E-05
  14     -0.0206      0.0250      0.0278      1.3997 -0.6971E-05
  15     -0.0718      0.0285      0.0354      1.2386 -0.6765E-05
  16     -0.1358      0.0505      0.0350      1.0892 -0.5909E-05
  17     -0.1852      0.1174      0.0150      0.9432 -0.2293E-05
  18     -0.1850      0.2388     -0.0193      0.7998 -0.8828E-06
  19     -0.1219      0.4121     -0.0495      0.6670 -0.8474E-06
  20     -0.0054      0.6063     -0.0591      0.5462 -0.5020E-06
  21      0.0709      0.6752     -0.0271      0.4362 -0.1840E-06
  22      0.0560      0.5244      0.0065      0.3365 -0.7936E-07
  23      0.0699      0.2139      0.0137      0.2467 -0.2439E-08
  24      0.0177      0.0383      0.0110      0.1662 -0.5851E-11
  25      0.0152      0.0004      0.0061      0.0943  0.8339E-14
  26      0.0130     -0.0022     -0.0012      0.0302  0.1629E-16
 ALL     -0.0189      0.1111     -0.0076      1.5289 -0.1973E-05

 RMSE of gridded analysis increments

 Lvl        u           v           t           p           q

   1      0.1073      0.2934      0.0736      7.4644  0.1157E-04
   2      0.1200      0.3289      0.0774      7.4021  0.1414E-04
   3      0.1312      0.3569      0.0831      7.3190  0.1638E-04
   4      0.1363      0.3624      0.0904      7.2154  0.1794E-04
   5      0.1409      0.3587      0.0991      7.0879  0.1908E-04
   6      0.1456      0.3420      0.1084      6.9294  0.1963E-04
   7      0.1502      0.3041      0.1137      6.7393  0.1881E-04
   8      0.1461      0.2272      0.1097      6.4660  0.1495E-04
   9      0.1392      0.1193      0.0895      6.1143  0.5303E-05
  10      0.1419      0.1227      0.0672      5.7380  0.9200E-05
  11      0.1558      0.2613      0.0518      5.3384  0.1886E-04
  12      0.1630      0.3491      0.0416      4.7918  0.1116E-04
  13      0.1497      0.3267      0.0440      4.1714  0.1104E-04
  14      0.1498      0.2433      0.0628      3.6645  0.2996E-04
  15      0.2221      0.2561      0.0831      3.2285  0.2938E-04
  16      0.3727      0.4351      0.1043      2.8279  0.2580E-04
  17      0.5559      0.7500      0.1110      2.4431  0.1016E-04
  18      0.7120      1.1840      0.1167      2.0700  0.3960E-05
  19      0.8403      1.7135      0.1122      1.7255  0.3861E-05
  20      0.9233      2.2007      0.1093      1.4126  0.2297E-05
  21      0.9216      2.3202      0.0934      1.1279  0.7951E-06
  22      0.7253      1.7913      0.1176      0.8700  0.3159E-06
  23      0.3240      0.7736      0.0992      0.6379  0.9791E-08
  24      0.0635      0.1488      0.0652      0.4297  0.2423E-10
  25      0.0268      0.0265      0.0394      0.2437  0.3608E-13
  26      0.0218      0.0206      0.0253      0.0780  0.7380E-16
 ALL      0.4081      0.8867      0.0883      4.7659  0.1459E-04
