               sound       1
       9
       1       1  0.4186944E+00 -0.1250438E+01 -0.3011968E+00 -0.1406104E-03 -0.9999999E+06 -0.9999999E+06 -0.9999999E+06
       1       2  0.4275296E+00 -0.8107695E+00 -0.3437659E+00 -0.1202731E-03 -0.9999999E+06 -0.9999999E+06 -0.9999999E+06
       1       3 -0.8888880E+06  0.1172176E+01  0.3582681E-01  0.1372146E-03 -0.9999999E+06 -0.9999999E+06 -0.9999999E+06
       1       4 -0.8888880E+06  0.7371265E+00  0.2316297E+00 -0.2338635E-03 -0.9999999E+06 -0.9999999E+06 -0.9999999E+06
       1       5 -0.8888880E+06  0.1254238E+01  0.2691451E+00 -0.1549289E-03 -0.9999999E+06 -0.9999999E+06 -0.9999999E+06
       1       6 -0.8888880E+06  0.4496791E+01 -0.2813253E+00 -0.3166083E-04 -0.9999999E+06 -0.9999999E+06 -0.9999999E+06
       1       7 -0.8888880E+06  0.6484773E+01 -0.4509232E+00 -0.1725461E-04 -0.9999999E+06 -0.9999999E+06 -0.9999999E+06
       1       8 -0.8888880E+06  0.5894768E+01 -0.2001237E-01 -0.3717038E-05 -0.9999999E+06 -0.9999999E+06 -0.9999999E+06
       1       9 -0.8888880E+06  0.5572258E+01  0.3177958E-01 -0.2871785E-05 -0.9999999E+06 -0.9999999E+06 -0.9999999E+06
           sonde_sfc       1
       1
       1       1 -0.8888880E+06 -0.8888880E+06 -0.8888880E+06 -0.8888880E+06 -0.8888880E+06 -0.9999999E+06 -0.9999999E+06
